colsample_bytree=0.6059329304964837,
gamma=2.361923398781385,
max_depth=12,
min_child_weight=6,
reg_alpha=41.0,
reg_lambda=0.00474534836744336